################## species.list ##########################

# ID
# Molwt (amu)
# Molmass (kg)
# Rotational dof
# RotRel
# Rotational temp (must include the symmetry factor)
# Vibrational dof
# VibRel
# VibTemp (K)
# species wt
# charge

Ar  39.93    6.63E-26  0    0.0  0.00   0    0.0           0.0       1.0      0.0
O2  32.00    5.31E-26  2    0.2  4.14   2    5.58659E-5    2256.0    1.0      0.0
N2  28.016   4.65E-26  2    0.2  5.76   2    0.01          3371.0    1.0      0.0
O   16.00    2.65E-26  0    0.0  0.00   0    0.0           0.0       1.0      0.0
N   14.008  2.325E-26  0    0.0  0.0    0    0.0           0.0       1.0      0.0
NO  30.008   4.98E-26  2    0.2  2.44   2    7.14285E-4    2719.0    1.0      0.0
O2+ 32.00    5.31E-26  2    0.2  0.00   2    5.58659E-5    2256.0    1.0      1.0
N2+ 28.016   4.65E-26  2    0.2  0.00   2    1.90114E-5    3371.0    1.0      1.0
O+  16.00    2.65E-26  0    0.0  0.00   0    0.0           0.0       1.0      1.0
N+  14.008  2.325E-26  0    0.0  0.00   0    0.0           0.0       1.0      1.0
NO+ 30.008   4.98E-26  2    0.2  0.00   2    7.14285E-4    2719.0    1.0      1.0
e   0.001  9.10938188E-31 0 0.0  0.00   0    0.0           0.0       1.0     -1.0
CO  28.01    4.65E-26  2    0.2  4.14   2    5.58659E-5    2256.0    1.0      0.0
CO2 44.01    7.31E-26  2    0.2  4.14   2    5.00000E-5    3360.0    1.0      0.0
He  4.002    6.65e-27  0    0.0  0.0    0    0.0           0.0       1.0      0.0

################## collision.list ##########################

# VSS collision model parameters for each species

# diameter (m)
# omega
# tref
# alpha
# rotc1
# rotc2
# Bird C1
# Bird C2
# MW A
# MW B

Ar   4.17E-10    0.81  273.15  1.0 0.0 0.0 0.0 0.0 0.0 0.0
O2   3.96E-10    0.77  273.15  1.0 23.5 91.5 56.5 153.5 138.0 0.03
N2   4.14E-10    0.74  273.15  1.0 28.497 91.5 9.1 220.0 221.0 0.029
O    3.0E-10     0.80  273.15  1.0 0.0 0.0 0.0 0.0 0.0 0.0
N    3.0E-10     0.80  273.15  1.0 0.0 0.0 0.0 0.0 0.0 0.0
NO   4.0E-10     0.79  273.15  1.0 23.5 91.5 9.1 220.0 49.5 0.042
O2+  3.96E-10    0.77  273.15  1.0 0.0 0.0 0.0 0.0 0.0 0.0
N2+  4.07E-10    0.74  273.15  1.0 0.0 0.0 0.0 0.0 0.0 0.0
O+   3.0E-10     0.80  273.15  1.0 0.0 0.0 0.0 0.0 0.0 0.0
N+   3.0E-10     0.80  273.15  1.0 0.0 0.0 0.0 0.0 0.0 0.0
NO+  4.0E-10     0.80  273.15  1.0 0.0 0.0 0.0 0.0 0.0 0.0
e    7.0E-13     0.50  273.15  1.0 0.0 0.0 0.0 0.0 0.0 0.0 
CO   4.19E-10    0.73  273.15  1.0 23.5 91.5 37.7 175.0 0.0 0.0
CO2  4.10E-10    0.93  273.15  1.0 23.5 91.5 37.7 175.0 0.0 0.0
He   2.33E-10    0.66  273.15  1.0 0.0 0.0 0.0 0.0 0.0 0.0
