# VSS collision model parameters for each species

# diameter (m)
# omega
# tref
# alpha
# rotc1
# rotc2
# Bird C1
# Bird C2
# MW A
# MW B

Ar   4.17E-10    0.81  273.15  1.0 0.0 0.0 0.0 0.0 0.0 0.0
O2   3.96E-10    0.77  273.15  1.0 23.5 91.5 56.5 153.5 138.0 0.03
N2   4.14E-10    0.74  273.15  1.0 28.497 91.5 9.1 220.0 221.0 0.029
O    3.0E-10     0.80  273.15  1.0 0.0 0.0 0.0 0.0 0.0 0.0
N    3.0E-10     0.80  273.15  1.0 0.0 0.0 0.0 0.0 0.0 0.0
NO   4.0E-10     0.79  273.15  1.0 23.5 91.5 9.1 220.0 49.5 0.042
O2+  3.96E-10    0.77  273.15  1.0 0.0 0.0 0.0 0.0 0.0 0.0
N2+  4.07E-10    0.74  273.15  1.0 0.0 0.0 0.0 0.0 0.0 0.0
O+   3.0E-10     0.80  273.15  1.0 0.0 0.0 0.0 0.0 0.0 0.0
N+   3.0E-10     0.80  273.15  1.0 0.0 0.0 0.0 0.0 0.0 0.0
NO+  4.0E-10     0.80  273.15  1.0 0.0 0.0 0.0 0.0 0.0 0.0
e    7.0E-13     0.50  273.15  1.0 0.0 0.0 0.0 0.0 0.0 0.0 
CO   4.19E-10    0.73  273.15  1.0 23.5 91.5 37.7 175.0 0.0 0.0
CO2  4.10E-10    0.93  273.15  1.0 23.5 91.5 37.7 175.0 0.0 0.0
He   2.33E-10    0.66  273.15  1.0 0.0 0.0 0.0 0.0 0.0 0.0
C    3.947E-10   0.79  273.15  1.0 0.0 0.0 0.0 0.0 0.0 0.0
C2   4.006E-10   0.64  273.15  1.0 23.5 91.5 0.0 0.0 0.0 0.0
C3   4.561E-10   0.62  273.15  1.0 23.5 91.5 0.0 0.0 0.0 0.0
CN   3.894E-10   0.73  273.15  1.0 23.5 91.5 0.0 0.0 0.0 0.0
