# Species data

# ID
# Molwt (amu)
# Molmass (kg)
# Rotational dof
# RotRel
# Rotational temp (must include the symmetry factor)
# Vibrational dof
# VibRel
# VibTemp (K)
# species wt
# charge

Ar  39.93    6.63E-26  0    0.0  0.00   0    0.0           0.0       1.0      0.0
O2  32.00    5.31E-26  2    0.2  4.14   2    5.58659E-5    2256.0    1.0      0.0
N2  28.016   4.65E-26  2    0.2  5.76   2    0.01          3371.0    1.0      0.0
O   16.00    2.65E-26  0    0.0  0.00   0    0.0           0.0       1.0      0.0
N   14.008  2.325E-26  0    0.0  0.0    0    0.0           0.0       1.0      0.0
NO  30.008   4.98E-26  2    0.2  2.44   2    7.14285E-4    2719.0    1.0      0.0
O2+ 32.00    5.31E-26  2    0.2  0.00   2    5.58659E-5    2256.0    1.0      1.0
N2+ 28.016   4.65E-26  2    0.2  0.00   2    1.90114E-5    3371.0    1.0      1.0
O+  16.00    2.65E-26  0    0.0  0.00   0    0.0           0.0       1.0      1.0
N+  14.008  2.325E-26  0    0.0  0.00   0    0.0           0.0       1.0      1.0
NO+ 30.008   4.98E-26  2    0.2  0.00   2    7.14285E-4    2719.0    1.0      1.0
e   0.001  9.10938188E-31 0 0.0  0.00   0    0.0           0.0       1.0     -1.0
CO  28.01    4.65E-26  2    0.2  4.14   2    5.58659E-5    2256.0    1.0      0.0
CO2 44.01    7.31E-26  2    0.2  4.14   2    5.00000E-5    3360.0    1.0      0.0
He  4.002    6.65e-27  0    0.0  0.0    0    0.0           0.0       1.0      0.0
C    12.011   1.994E-26  0    0.0  0.0    0    0.0           0.0       1.0      0.0
C2   24.022   3.988E-26  2    0.2  4.14   2    5.58659E-5    3843.0    1.0      0.0
C3   36.033   5.983E-26  2    0.2  4.14   2    5.00000E-5    2547.0    1.0      0.0
CN   26.018   4.310E-26  2    0.2  4.14   2    5.00000E-5    4284.0    1.0      0.0
